1581488725.3478818
load model
num_batches 152
0
1
2
3
4
5
6
7
8
9
10
11
12
13
14
15
16
17
18
19
20
21
22
23
24
25
26
27
28
29
30
31
32
33
34
35
36
37
38
39
40
41
42
43
44
45
46
47
48
49
50
51
52
53
54
55
56
57
58
59
60
61
62
63
64
65
66
67
68
69
70
71
72
73
74
75
76
77
78
79
80
81
82
83
84
85
86
87
88
89
90
91
92
93
94
95
96
97
98
99
100
101
102
103
104
105
106
107
108
109
110
111
112
113
114
115
116
117
118
119
120
121
122
123
124
125
126
127
128
129
130
131
132
133
134
135
136
137
138
139
140
141
142
143
144
145
146
147
148
149
150
151
embedding.shape (105957, 128)
num_batches 5
0
1
2
3
4
embedding.shape (3000, 128)
extracted all features costs 82.66905117034912
cal_topn
num_q 3000 num_d 105957
top1 0.902
top5 0.9486667
top10 0.958
cal topn costs 43.275315284729004
1581488860.186238
load model
num_batches 42
0
1
2
3
4
5
6
7
8
9
10
11
12
13
14
15
16
17
18
19
20
21
22
23
24
25
26
27
28
29
30
31
32
33
34
35
36
37
38
39
40
41
embedding.shape (117023, 128)
num_batches 1
0
embedding.shape (210, 128)
extracted all features costs 92.36901354789734
cal_topn
num_q 210 num_d 117023
top1 0.9380952
top5 0.96190476
top10 0.97619045
cal topn costs 3.7672135829925537
1581488965.0521219
load model
num_batches 42
0
1
2
3
4
5
6
7
8
9
10
11
12
13
14
15
16
17
18
19
20
21
22
23
24
25
26
27
28
29
30
31
32
33
34
35
36
37
38
39
40
41
embedding.shape (117586, 128)
num_batches 1
0
embedding.shape (563, 128)
extracted all features costs 89.99227023124695
cal_topn
num_q 563 num_d 117586
top1 0.8277087
top5 0.9165186
top10 0.9271758
cal topn costs 9.248657703399658
1581489073.3160038
load model
num_batches 19
0
1
2
3
4
5
6
7
8
9
10
11
12
13
14
15
16
17
18
embedding.shape (50882, 128)
num_batches 3
0
1
2
embedding.shape (7931, 128)
extracted all features costs 66.37268853187561
cal_topn
num_q 7931 num_d 50882
top1 0.56751984
top5 0.6789812
top10 0.7168075
cal topn costs 48.25214767456055
1581489196.8151245
load model
num_batches 19
0
1
2
3
4
5
6
7
8
9
10
11
12
13
14
15
16
17
18
embedding.shape (50882, 128)
num_batches 3
0
1
2
embedding.shape (7742, 128)
extracted all features costs 65.8922553062439
cal_topn
num_q 7742 num_d 50882
top1 0.58008265
top5 0.6490571
top10 0.67101526
cal topn costs 47.462559938430786
